image_width: 1440
image_height: 1080
camera_name: narrow_stereo
frame_id: narrow_stereo_optical
camera_matrix:
  rows: 3
  cols: 3
  data: [
    2400.21913, 0, 709.6748665, 
    0, 2397.123147, 546.369465, 
    0, 0, 1
  ]
distortion_model: plumb_bob
distortion_coefficients:
  rows: 1
  cols: 5
  data: [
    -0.04858473794, 0.3693547949, 0.0004383433505, 0.0008648449891, -1.339840539
  ]
rectification_matrix:
  rows: 3
  cols: 3
  data: [
    1, 0, 0, 
    0, 1, 0, 
    0, 0, 1
  ]
projection_matrix:
  rows: 3
  cols: 4
  data: [
    2394.609995, 0, 710.2180497, 0, 
    0, 2393.080328, 546.5482723, 0, 
    0, 0, 1, 0
  ]
